
Generated Numbers Are: 

903.06 170.37 478.57 921.34 180.09 266.91 256.21 495.08 170.60 
290.66 259.17 874.30 380.13 633.23 220.32 687.42 794.72 517.62 
719.50 895.62 214.19 172.71 911.69 183.63 842.40 140.36 851.73 
556.27 206.03 864.02 156.35 402.93 335.62 206.97 161.90 685.44 
196.92 458.66 108.69 28.10 587.05 485.63 280.99 170.30 205.44 
494.90 616.38 807.07 434.04 879.85 677.39 275.58 221.09 798.05 
519.15 166.08 883.45 494.42 502.43 506.85 406.29 545.83 568.26 
1.25 374.15 701.21 371.02 731.74 643.07 364.56 38.30 327.53 
15.00 324.77 879.36 505.55 437.72 152.42 562.60 229.37 543.86 
834.61 430.56 623.83 427.21 479.06 495.28 174.64 673.81 895.43 
707.40 155.86 501.04 873.12 253.86 907.56 262.71 469.78 672.65 
904.27 858.85 539.60 560.95 827.82 896.76 746.87 819.67 84.21 
556.08 818.18 655.32 454.91 401.56 247.46 861.27 242.54 319.33 
617.76 81.49 

Bubble Sorted List: 





1.25 15.00 28.10 38.30 81.49 84.21 108.69 140.36 152.42 
155.86 156.35 161.90 166.08 170.30 170.37 170.60 172.71 174.64 
180.09 183.63 196.92 205.44 206.03 206.97 214.19 220.32 221.09 
229.37 242.54 247.46 253.86 256.21 259.17 262.71 266.91 275.58 
280.99 290.66 319.33 324.77 327.53 335.62 364.56 371.02 374.15 
380.13 401.56 402.93 406.29 427.21 430.56 434.04 437.72 454.91 
458.66 469.78 478.57 479.06 485.63 494.42 494.90 495.08 495.28 
501.04 502.43 505.55 506.85 517.62 519.15 539.60 543.86 545.83 
556.08 556.27 560.95 562.60 568.26 587.05 616.38 617.76 623.83 
633.23 643.07 655.32 672.65 673.81 677.39 685.44 687.42 701.21 
707.40 719.50 731.74 746.87 794.72 798.05 807.07 818.18 819.67 
827.82 834.61 842.40 851.73 858.85 861.27 864.02 873.12 874.30 
879.36 879.85 883.45 895.43 895.62 896.76 903.06 904.27 907.56 
911.69 921.34 

Swaps Count: 
85.20923050176432


Comparison Count: 
7021.0



Selection Sorted List: 



1.25 15.00 28.10 38.30 81.49 84.21 108.69 140.36 152.42 
155.86 156.35 161.90 166.08 170.30 170.37 170.60 172.71 174.64 
180.09 183.63 196.92 205.44 206.03 206.97 214.19 220.32 221.09 
229.37 242.54 247.46 253.86 256.21 259.17 262.71 266.91 275.58 
280.99 290.66 319.33 324.77 327.53 335.62 364.56 371.02 374.15 
380.13 401.56 402.93 406.29 427.21 430.56 434.04 437.72 454.91 
458.66 469.78 478.57 479.06 485.63 494.42 494.90 495.08 495.28 
501.04 502.43 505.55 506.85 517.62 519.15 539.60 543.86 545.83 
556.08 556.27 560.95 562.60 568.26 587.05 616.38 617.76 623.83 
633.23 643.07 655.32 672.65 673.81 677.39 685.44 687.42 701.21 
707.40 719.50 731.74 746.87 794.72 798.05 807.07 818.18 819.67 
827.82 834.61 842.40 851.73 858.85 861.27 864.02 873.12 874.30 
879.36 879.85 883.45 895.43 895.62 896.76 903.06 904.27 907.56 
911.69 921.34 

Swaps Count: 
118.0


Comparison Count: 
7021.0



Insertion Sorted List: 





1.25 15.00 28.10 38.30 81.49 84.21 108.69 140.36 152.42 
155.86 156.35 161.90 166.08 170.30 170.37 170.60 172.71 174.64 
180.09 183.63 196.92 205.44 206.03 206.97 214.19 220.32 221.09 
229.37 242.54 247.46 253.86 256.21 259.17 262.71 266.91 275.58 
280.99 290.66 319.33 324.77 327.53 335.62 364.56 371.02 374.15 
380.13 401.56 402.93 406.29 427.21 430.56 434.04 437.72 454.91 
458.66 469.78 478.57 479.06 485.63 494.42 494.90 495.08 495.28 
501.04 502.43 505.55 506.85 517.62 519.15 539.60 543.86 545.83 
556.08 556.27 560.95 562.60 568.26 587.05 616.38 617.76 623.83 
633.23 643.07 655.32 672.65 673.81 677.39 685.44 687.42 701.21 
707.40 719.50 731.74 746.87 794.72 798.05 807.07 818.18 819.67 
827.82 834.61 842.40 851.73 858.85 861.27 864.02 873.12 874.30 
879.36 879.85 883.45 895.43 895.62 896.76 903.06 904.27 907.56 
911.69 921.34 

Swaps Count: 
118.0


Comparison Count: 
0.0
